76928 76966
85806 85832
110491 110511
111848 111871
113555 113572
116344 116369
144084 144113
148300 148327
170555 170597
174926 174945
215331 215374
223519 223536
238074 238097
252064 252142
266473 266490
312710 312745
354006 354044
373018 373039
394342 394359
399439 399461
404355 404369
417731 417742
422863 422888
424530 424564
434311 434324
437752 437781
439378 439430
441592 441609
468112 468137
475052 475092
491751 491778
556392 556420
615539 615559
617928 617959
636121 636143
644840 644870
653427 653455
665840 665852
674264 674271
709401 709426
717827 717845
728398 728424
732488 732503
743728 743758
755119 755136
779038 779069
793298 793326
794186 794188
806374 806389
845058 845075
870475 870511
872284 872313
877340 877353
887385 887399
934050 934064
936363 936379
949029 949040
966143 966162
981138 981149
1008414 1008537
1011136 1011167
1029006 1029010
1091456 1091473
1163555 1163567
1165641 1165673
1177393 1177409
1234377 1234423
1238624 1238657
1264952 1264979
1267912 1267931
1286723 1286729
1290302 1290315
1293442 1293460
1298692 1298714
1335945 1335951
1344729 1344741
